-0.9997137267734412336782284693423006767183495273084
-0.99849195063959581840016335918634916230485485042057
-0.99629513473312514918613173224113103543643128814043
-0.99312493703744345965200989284878347073177145886652
-0.98898439524299174800441874580773663183933363710695
-0.9838775407060570154961001555110081673443670168508
-0.97780935848691828855378108842920192863523449426625
-0.97078577576370633193089785789750538855055719947821
-0.96281365425581552729365932603016638643733150673041
-0.95390078292549174284933693089435764464522145101467
-0.9440558701362559779627747064152187467397203733821
-0.93328853504307954592433366813086250408354607429702
-0.9216092981453339526669513284819874591245827977322
-0.90902957098252969046712633778914606444327728958459
-0.89556164497072698669852102243022776984818176899772
-0.88121867938501841557331682542780558244549441102126
-0.86601468849716462341073996967624296638031483930559
-0.84996452787959128429336259142010465407379077950067
-0.83308387988840082354291583384475567990749483030996
-0.8153892383391762543939887586492580053825503765137
-0.79689789239031447638957288218324598288952685596429
-0.7776279096494954756275513868344901065385397999361
-0.75759811851970717603566796443840077231310897190004
-0.73682808980202070551242771482010100284327844624712
-0.7153381175730564464599671227043659640843978385956
-0.6931491993558019659486479416754372655870000179307
-0.67028301560314101580258701432322661366980568402882
-0.6467619085141292798326303044586304350197337842485
-0.6226088602037077716041908451723122446538177322898
-0.59784747024717872126480654514934063639489919232049
-0.57250193262138119131687044352572544896003394967556
-0.5465970120650941674679942571817499039562417759375
-0.52015801988176305664681574945520853076893769042009
-0.49321078920819093356930879344933399099072332535856
-0.46578164977335804224921662339575458161165111021221
-0.4378974021720315131089780436221959621257017634841
-0.4095852916783015425288684000571577014953643891648
-0.38087298162462995676336254886958740374970726512371
-0.35178852637242172097234382954897056524931809638907
-0.3223603439005291517224765823983254274021916230231
-0.29261718803847196473755588823549438456153898917258
-0.2625881203715034791689293362549821411320226945355
-0.23230248184497396964950996320796411069750977150714
-0.20178986409573599723604885953039646294369200355905
-0.17108008053860327488753237470708980746585972511807
-0.14020313723611397320751460468240551661687300626336
-0.10918920358006111500342600657938488688489962996916
-0.07806858281343663669481737120155257397635002744853
-0.04687168242159163161492391293384830953706539908602
-0.015628984421543082872216699997429340147756182855562
0.01562898442154308287221669999742934014775618285556
0.04687168242159163161492391293384830953706539908602
0.07806858281343663669481737120155257397635002744853
0.10918920358006111500342600657938488688489962996916
0.14020313723611397320751460468240551661687300626336
0.17108008053860327488753237470708980746585972511807
0.20178986409573599723604885953039646294369200355905
0.23230248184497396964950996320796411069750977150714
0.26258812037150347916892933625498214113202269453552
0.29261718803847196473755588823549438456153898917258
0.32236034390052915172247658239832542740219162302309
0.35178852637242172097234382954897056524931809638907
0.38087298162462995676336254886958740374970726512371
0.4095852916783015425288684000571577014953643891648
0.4378974021720315131089780436221959621257017634841
0.4657816497733580422492166233957545816116511102122
0.49321078920819093356930879344933399099072332535856
0.52015801988176305664681574945520853076893769042009
0.54659701206509416746799425718174990395624177593753
0.57250193262138119131687044352572544896003394967556
0.59784747024717872126480654514934063639489919232049
0.62260886020370777160419084517231224465381773228982
0.64676190851412927983263030445863043501973378424853
0.67028301560314101580258701432322661366980568402882
0.69314919935580196594864794167543726558700001793073
0.71533811757305644645996712270436596408439783859563
0.73682808980202070551242771482010100284327844624712
0.75759811851970717603566796443840077231310897190004
0.77762790964949547562755138683449010653853979993608
0.79689789239031447638957288218324598288952685596429
0.8153892383391762543939887586492580053825503765137
0.83308387988840082354291583384475567990749483030996
0.84996452787959128429336259142010465407379077950067
0.86601468849716462341073996967624296638031483930559
0.88121867938501841557331682542780558244549441102126
0.89556164497072698669852102243022776984818176899772
0.90902957098252969046712633778914606444327728958459
0.9216092981453339526669513284819874591245827977322
0.93328853504307954592433366813086250408354607429702
0.9440558701362559779627747064152187467397203733821
0.95390078292549174284933693089435764464522145101467
0.96281365425581552729365932603016638643733150673041
0.97078577576370633193089785789750538855055719947821
0.97780935848691828855378108842920192863523449426625
0.9838775407060570154961001555110081673443670168508
0.98898439524299174800441874580773663183933363710695
0.99312493703744345965200989284878347073177145886652
0.99629513473312514918613173224113103543643128814043
0.99849195063959581840016335918634916230485485042057
0.9997137267734412336782284693423006767183495273084