7.34634490505671730406320658330336390670473562483E-4
0.001709392653518105239529358371491195243731385491463
0.002683925371553482419439590429001120081931114951
0.00365596120132637518234245872752519569920656740515
0.0046244500634221193510957890829784766503524952949
0.00558842800386551515721194634843921073131869400808
0.00654694845084532276415210333149526369993836336648
0.00749907325546471157882874401639778316358347894815
0.0084438714696689714026208349023010019346444598841
0.0093804196536944579514182376608121187307870432387
0.0103078025748689695857821017278353779760583438414
0.0112251140231859771172215733663335847772264195644
0.01213145766297949740774479244874817073696312331126
0.01302594789297154228555858375890179013496473584175
0.01390771070371877268795414910800463779518081214312
0.0147758845274413017688799875203542571693887431146
0.01562962107754600272393686595379192555246997980994
0.0164680861761452126431049800882107808211676616038
0.01729046056832358243934419836674167481162350856517
0.01809594072212811666439075142049303134757874495839
0.01888373961337490455294116588154323429711127634742
0.019653087494435305865381470245444065555269599491251
0.02040323264620943276683885165758377060570969930262
0.02113344211252764154267230044096968163532972887451
0.0218430024162473863139537413043980247653489998232
0.02253122025633627270179697093167396234015893534871
0.02319742318525412162248885418272728845115448573609
0.0238409602659682059625604119022834321447074490926
0.024461202707957052719975023349772890646295732397804
0.02505754448157958970376422562092326422383855852793
0.02562940291020811607564200986215087092697767002027
0.02617621923954567634230874175730188501127513119069
0.02669745918357096266038466418633635063465575039001
0.027192613446576880136491567802170692266987896012
0.02766119822079238829420415587042645529240035866422
0.02810275565910117331764833018699455045141809940021
0.028516854322395097990936762864457873259842725484
0.028903089601125203134876228134515265315607868055261
0.02926108411063827662011902349564095444308419504535
0.0295904880599126425117545106788365851728062850714
0.029890979593332830916836806668595827658091414260799
0.0301622651051691449190686816104792326571023257827
0.030404079526454820016507859818825176605607248310117
0.0306161865839804484964594432620531928530860237891
0.03079837903115259042771390303055976009497083447037
0.03095047885049098823406346347074792738298717776694
0.031072337427566516587810170242918034845915436348
0.0311638356962099067838183212171866533438363686839
0.03122488425484935773237649864809813488180274068218
0.03125542345386335694764247438619802878783383672609
0.03125542345386335694764247438619802878783383672609
0.0312248842548493577323764986480981348818027406822
0.03116383569620990678381832121718665334383636868393
0.03107233742756651658781017024291803484591543634796
0.0309504788504909882340634634707479273829871777669
0.0307983790311525904277139030305597600949708344704
0.03061618658398044849645944326205319285308602378906
0.0304040795264548200165078598188251766056072483101
0.03016226510516914491906868161047923265710232578271
0.0298909795933328309168368066685958276580914142608
0.0295904880599126425117545106788365851728062850714
0.0292610841106382766201190234956409544430841950453
0.02890308960112520313487622813451526531560786805526
0.02851685432239509799093676286445787325984272548397
0.0281027556591011733176483301869945504514180994002
0.02766119822079238829420415587042645529240035866422
0.027192613446576880136491567802170692266987896012
0.02669745918357096266038466418633635063465575039001
0.0261762192395456763423087417573018850112751311907
0.02562940291020811607564200986215087092697767002027
0.02505754448157958970376422562092326422383855852793
0.0244612027079570527199750233497728906462957323978
0.0238409602659682059625604119022834321447074490926
0.0231974231852541216224888541827272884511544857361
0.0225312202563362727017969709316739623401589353487
0.0218430024162473863139537413043980247653489998232
0.0211334421125276415426723004409696816353297288745
0.02040323264620943276683885165758377060570969930262
0.01965308749443530586538147024544406555526959949125
0.01888373961337490455294116588154323429711127634742
0.01809594072212811666439075142049303134757874495839
0.0172904605683235824393441983667416748116235085652
0.0164680861761452126431049800882107808211676616038
0.0156296210775460027239368659537919255524699798099
0.0147758845274413017688799875203542571693887431146
0.01390771070371877268795414910800463779518081214312
0.01302594789297154228555858375890179013496473584175
0.01213145766297949740774479244874817073696312331126
0.01122511402318597711722157336633358477722641956438
0.0103078025748689695857821017278353779760583438414
0.00938041965369445795141823766081211873078704323867
0.0084438714696689714026208349023010019346444598841
0.0074990732554647115788287440163977831635834789481
0.00654694845084532276415210333149526369993836336648
0.0055884280038655151572119463484392107313186940081
0.00462445006342211935109578908297847665035249529489
0.00365596120132637518234245872752519569920656740515
0.002683925371553482419439590429001120081931114951
0.00170939265351810523952935837149119524373138549146
7.34634490505671730406320658330336390670473562483E-4